{
 "cells": [
  {
   "cell_type": "code",
   "execution_count": 36,
   "id": "0e93ae7c",
   "metadata": {},
   "outputs": [],
   "source": [
    "import numpy as np\n",
    "from datetime import datetime"
   ]
  },
  {
   "cell_type": "code",
   "execution_count": 42,
   "id": "6619c704",
   "metadata": {},
   "outputs": [
    {
     "data": {
      "text/plain": [
       "array([[52, 75, 80, 15, 18,  1, 75, 88, 98, 18, 32, 19, 33, 48,  4, 33],\n",
       "       [79, 67, 66, 85, 30, 80, 60, 76, 31, 73, 57, 45, 60, 92,  8, 16],\n",
       "       [41, 12, 40, 14, 80, 82, 73, 42, 46, 83, 97, 86, 30, 75, 70, 87],\n",
       "       [65, 26,  8, 30, 59,  1, 88, 36, 36, 61, 43, 63, 75, 72, 61, 75],\n",
       "       [76, 51, 46, 60, 77, 38, 20, 65,  3, 55, 45, 75, 32, 40, 77, 61],\n",
       "       [59, 85, 82, 11, 51, 39, 67, 53, 58, 78, 60, 57, 73, 12, 65, 59],\n",
       "       [82, 30, 64,  0, 41, 26, 33, 23, 30, 79,  7, 66, 73, 21, 85, 89],\n",
       "       [60, 15, 55, 55, 41, 97, 74, 97,  2, 11, 11, 65, 71, 86, 23, 44],\n",
       "       [13, 15,  7, 11, 52, 71, 56, 97, 14,  3, 71, 98, 74, 17, 95, 31],\n",
       "       [53, 56,  2, 50, 39, 10, 14, 42, 76, 62, 37, 71, 75, 22, 26, 69],\n",
       "       [97, 53, 43, 50, 86, 43, 50, 45, 46, 49, 60, 23, 52,  1, 48, 94],\n",
       "       [50, 14, 47, 76,  6, 22, 72, 64, 15, 83, 73, 28, 55, 89, 81, 17],\n",
       "       [71, 85, 25, 56, 98, 63, 39, 50,  0,  0,  6,  6,  5, 30,  1, 53],\n",
       "       [48, 89, 72, 80, 83, 29, 37, 16, 52,  1, 30, 50, 11, 73, 54, 72],\n",
       "       [27, 26, 62, 46, 46, 11, 71, 31, 62, 81, 98, 29, 48, 88, 22,  0],\n",
       "       [98,  8, 85, 45, 87, 10, 50, 42, 30, 45, 24, 55, 58, 44, 83, 61]])"
      ]
     },
     "execution_count": 42,
     "metadata": {},
     "output_type": "execute_result"
    }
   ],
   "source": [
    "A = np.random.randint(100, size = (16,16))\n",
    "A"
   ]
  },
  {
   "cell_type": "code",
   "execution_count": 43,
   "id": "b80c7af9",
   "metadata": {},
   "outputs": [
    {
     "data": {
      "text/plain": [
       "array([[97, 72, 31, 59, 26, 11, 94, 11,  9, 13, 37, 37, 69, 36, 78, 48],\n",
       "       [55, 52, 36,  6, 55,  7, 39, 30, 61,  4, 59, 26, 46, 12, 77, 48],\n",
       "       [77, 70, 26, 95, 14, 71, 76, 88, 85, 52,  2, 86, 76, 66, 45,  8],\n",
       "       [78, 55, 55, 60, 85, 13, 99, 20, 20,  0, 82, 18, 77, 51,  5, 47],\n",
       "       [70, 55, 74, 33, 90, 92, 32, 66, 54, 53, 22,  8, 48, 89, 67, 48],\n",
       "       [77,  3, 30, 71, 71, 60, 56, 25, 58, 17, 39, 18, 94, 46,  7, 36],\n",
       "       [20, 49, 57, 85, 69, 28,  5, 64, 80, 40,  4, 10, 91, 63, 80, 86],\n",
       "       [96, 52, 46, 61, 24, 46, 61, 95, 43, 50, 69,  3, 76, 38, 63, 42],\n",
       "       [60, 42, 51, 67, 41, 92, 34, 33, 12,  9, 36, 33, 42, 87,  8, 55],\n",
       "       [36, 12, 46,  1, 89, 58, 33, 71, 20, 60, 51, 31, 17, 70, 85, 41],\n",
       "       [84, 61, 93,  7, 64, 64,  7, 22, 41, 85, 90, 31, 15, 21,  0, 54],\n",
       "       [24, 53, 59, 32, 66, 93, 33, 20, 36,  0, 39, 41, 79, 31, 88, 17],\n",
       "       [88, 81, 32, 50, 54, 45, 21, 91, 80, 80, 13, 48, 97,  0, 75, 33],\n",
       "       [94, 31, 99, 23, 40, 86, 48, 14,  1, 51, 21, 19, 18, 99, 33, 84],\n",
       "       [27, 12, 54, 86, 23, 15, 45, 79, 53, 84, 81, 52, 33, 40,  3, 92],\n",
       "       [45, 64, 30,  0, 37, 85, 96, 53, 77, 45, 90, 17,  6, 63, 95, 62]])"
      ]
     },
     "execution_count": 43,
     "metadata": {},
     "output_type": "execute_result"
    }
   ],
   "source": [
    "B = np.random.randint(100, size = (16, 16))\n",
    "B"
   ]
  },
  {
   "cell_type": "code",
   "execution_count": 44,
   "id": "9a3833fd",
   "metadata": {},
   "outputs": [
    {
     "name": "stdout",
     "output_type": "stream",
     "text": [
      "11 days, 13:13:20\n"
     ]
    },
    {
     "data": {
      "text/plain": [
       "array([[46465, 36925, 33839, 34940, 30787, 37189, 32875, 35871, 31930,\n",
       "        25098, 27344, 21028, 39542, 36572, 37455, 34201],\n",
       "       [65036, 44121, 47623, 42632, 50314, 46876, 46765, 42015, 38773,\n",
       "        34265, 39766, 26593, 55079, 46192, 46367, 44180],\n",
       "       [57670, 42119, 53020, 40201, 53149, 59310, 42379, 45789, 43672,\n",
       "        42974, 45039, 27101, 47566, 52282, 48603, 50113],\n",
       "       [47984, 39719, 43307, 33687, 43022, 43781, 35875, 40122, 36046,\n",
       "        35639, 35500, 22197, 41474, 41470, 47176, 44449],\n",
       "       [52495, 39519, 41921, 35777, 43297, 42694, 43846, 40383, 36721,\n",
       "        33326, 41445, 24480, 44126, 40039, 44390, 40205],\n",
       "       [55229, 44868, 43120, 41545, 46568, 47863, 41111, 49284, 46169,\n",
       "        38936, 40297, 30226, 50260, 42723, 51062, 43577],\n",
       "       [43786, 36503, 33423, 34198, 36138, 40829, 38842, 41529, 37181,\n",
       "        33260, 33165, 26711, 39785, 36753, 46245, 36496],\n",
       "       [56234, 39032, 40293, 42410, 41327, 43758, 42412, 40335, 38569,\n",
       "        30923, 32109, 21834, 53466, 40630, 43125, 39194],\n",
       "       [44356, 33466, 38710, 36451, 37970, 39934, 29192, 39752, 37450,\n",
       "        34149, 35785, 20332, 44855, 30172, 35443, 36784],\n",
       "       [44166, 36104, 34787, 26579, 38699, 39360, 34365, 33137, 29613,\n",
       "        25874, 35321, 20278, 36866, 33166, 40345, 33718],\n",
       "       [54498, 43383, 40069, 37050, 44647, 43292, 44242, 41964, 40597,\n",
       "        34175, 41273, 24111, 45081, 41354, 46294, 41974],\n",
       "       [51715, 35887, 44087, 38101, 41338, 38064, 37418, 40365, 32863,\n",
       "        37750, 37806, 24291, 42350, 40098, 36380, 43423],\n",
       "       [41466, 29875, 28342, 25766, 33049, 28334, 34260, 25955, 28311,\n",
       "        17797, 26823, 12648, 34936, 30720, 33696, 29235],\n",
       "       [51058, 39907, 41914, 36093, 41278, 43566, 43554, 34777, 36426,\n",
       "        27353, 37043, 24000, 41527, 43985, 39106, 41092],\n",
       "       [49528, 35791, 44271, 32789, 42029, 43214, 29798, 36124, 30674,\n",
       "        34618, 30861, 23108, 38080, 41586, 34423, 38730],\n",
       "       [52875, 42487, 41132, 42031, 40460, 44535, 44004, 44377, 38583,\n",
       "        36218, 34931, 27813, 46166, 43966, 45606, 41237]])"
      ]
     },
     "execution_count": 44,
     "metadata": {},
     "output_type": "execute_result"
    }
   ],
   "source": [
    "t0 = datetime.now()\n",
    "C = A @ B\n",
    "time = datetime.now() - t0\n",
    "print(time * 1e9)\n",
    "C"
   ]
  },
  {
   "cell_type": "code",
   "execution_count": 45,
   "id": "013c4a91",
   "metadata": {},
   "outputs": [],
   "source": [
    "def generateHEXdata(A, B):\n",
    "    \n",
    "    matrixes = [A, B.T]\n",
    "    \n",
    "    for index, matrix in enumerate(matrixes):\n",
    "        hexData = []\n",
    "        for row in matrix:\n",
    "            tempRowHex = \"\"\n",
    "            for col in row:\n",
    "                tempColHex = hex(col)[2:].zfill(8)\n",
    "                tempRowHex += tempColHex\n",
    "\n",
    "            tempRowHex = tempRowHex.ljust(128, '0')\n",
    "            hexData.append(tempRowHex)\n",
    "            \n",
    "        for i in range(16):\n",
    "            \n",
    "            try:\n",
    "                x = \" @(posedge CLK) #1 DataIn = \"\n",
    "                y =\"512'h\" + hexData[i]\n",
    "                z = f\"; InAddress = 5'h{index}{hex(i)[2:]};\"\n",
    "                \n",
    "                print(x + y + z)\n",
    "                \n",
    "            except IndexError:\n",
    "                pass\n",
    "            \n",
    "        print(\"\\n\\n\\n\\n\\n\")"
   ]
  },
  {
   "cell_type": "code",
   "execution_count": 46,
   "id": "1cd5766f",
   "metadata": {},
   "outputs": [
    {
     "name": "stdout",
     "output_type": "stream",
     "text": [
      " @(posedge CLK) #1 DataIn = 512'h000000340000004b000000500000000f00000012000000010000004b000000580000006200000012000000200000001300000021000000300000000400000021; InAddress = 5'h00;\n",
      " @(posedge CLK) #1 DataIn = 512'h0000004f0000004300000042000000550000001e000000500000003c0000004c0000001f00000049000000390000002d0000003c0000005c0000000800000010; InAddress = 5'h01;\n",
      " @(posedge CLK) #1 DataIn = 512'h000000290000000c000000280000000e0000005000000052000000490000002a0000002e0000005300000061000000560000001e0000004b0000004600000057; InAddress = 5'h02;\n",
      " @(posedge CLK) #1 DataIn = 512'h000000410000001a000000080000001e0000003b000000010000005800000024000000240000003d0000002b0000003f0000004b000000480000003d0000004b; InAddress = 5'h03;\n",
      " @(posedge CLK) #1 DataIn = 512'h0000004c000000330000002e0000003c0000004d00000026000000140000004100000003000000370000002d0000004b00000020000000280000004d0000003d; InAddress = 5'h04;\n",
      " @(posedge CLK) #1 DataIn = 512'h0000003b00000055000000520000000b000000330000002700000043000000350000003a0000004e0000003c00000039000000490000000c000000410000003b; InAddress = 5'h05;\n",
      " @(posedge CLK) #1 DataIn = 512'h000000520000001e0000004000000000000000290000001a00000021000000170000001e0000004f000000070000004200000049000000150000005500000059; InAddress = 5'h06;\n",
      " @(posedge CLK) #1 DataIn = 512'h0000003c0000000f000000370000003700000029000000610000004a00000061000000020000000b0000000b000000410000004700000056000000170000002c; InAddress = 5'h07;\n",
      " @(posedge CLK) #1 DataIn = 512'h0000000d0000000f000000070000000b000000340000004700000038000000610000000e0000000300000047000000620000004a000000110000005f0000001f; InAddress = 5'h08;\n",
      " @(posedge CLK) #1 DataIn = 512'h00000035000000380000000200000032000000270000000a0000000e0000002a0000004c0000003e00000025000000470000004b000000160000001a00000045; InAddress = 5'h09;\n",
      " @(posedge CLK) #1 DataIn = 512'h00000061000000350000002b00000032000000560000002b000000320000002d0000002e000000310000003c000000170000003400000001000000300000005e; InAddress = 5'h0a;\n",
      " @(posedge CLK) #1 DataIn = 512'h000000320000000e0000002f0000004c000000060000001600000048000000400000000f00000053000000490000001c00000037000000590000005100000011; InAddress = 5'h0b;\n",
      " @(posedge CLK) #1 DataIn = 512'h00000047000000550000001900000038000000620000003f000000270000003200000000000000000000000600000006000000050000001e0000000100000035; InAddress = 5'h0c;\n",
      " @(posedge CLK) #1 DataIn = 512'h00000030000000590000004800000050000000530000001d000000250000001000000034000000010000001e000000320000000b000000490000003600000048; InAddress = 5'h0d;\n",
      " @(posedge CLK) #1 DataIn = 512'h0000001b0000001a0000003e0000002e0000002e0000000b000000470000001f0000003e00000051000000620000001d00000030000000580000001600000000; InAddress = 5'h0e;\n",
      " @(posedge CLK) #1 DataIn = 512'h0000006200000008000000550000002d000000570000000a000000320000002a0000001e0000002d00000018000000370000003a0000002c000000530000003d; InAddress = 5'h0f;\n",
      "\n",
      "\n",
      "\n",
      "\n",
      "\n",
      "\n",
      " @(posedge CLK) #1 DataIn = 512'h00000061000000370000004d0000004e000000460000004d00000014000000600000003c000000240000005400000018000000580000005e0000001b0000002d; InAddress = 5'h10;\n",
      " @(posedge CLK) #1 DataIn = 512'h00000048000000340000004600000037000000370000000300000031000000340000002a0000000c0000003d00000035000000510000001f0000000c00000040; InAddress = 5'h11;\n",
      " @(posedge CLK) #1 DataIn = 512'h0000001f000000240000001a000000370000004a0000001e000000390000002e000000330000002e0000005d0000003b0000002000000063000000360000001e; InAddress = 5'h12;\n",
      " @(posedge CLK) #1 DataIn = 512'h0000003b000000060000005f0000003c0000002100000047000000550000003d0000004300000001000000070000002000000032000000170000005600000000; InAddress = 5'h13;\n",
      " @(posedge CLK) #1 DataIn = 512'h0000001a000000370000000e000000550000005a0000004700000045000000180000002900000059000000400000004200000036000000280000001700000025; InAddress = 5'h14;\n",
      " @(posedge CLK) #1 DataIn = 512'h0000000b00000007000000470000000d0000005c0000003c0000001c0000002e0000005c0000003a000000400000005d0000002d000000560000000f00000055; InAddress = 5'h15;\n",
      " @(posedge CLK) #1 DataIn = 512'h0000005e000000270000004c000000630000002000000038000000050000003d0000002200000021000000070000002100000015000000300000002d00000060; InAddress = 5'h16;\n",
      " @(posedge CLK) #1 DataIn = 512'h0000000b0000001e00000058000000140000004200000019000000400000005f000000210000004700000016000000140000005b0000000e0000004f00000035; InAddress = 5'h17;\n",
      " @(posedge CLK) #1 DataIn = 512'h000000090000003d0000005500000014000000360000003a000000500000002b0000000c0000001400000029000000240000005000000001000000350000004d; InAddress = 5'h18;\n",
      " @(posedge CLK) #1 DataIn = 512'h0000000d00000004000000340000000000000035000000110000002800000032000000090000003c00000055000000000000005000000033000000540000002d; InAddress = 5'h19;\n",
      " @(posedge CLK) #1 DataIn = 512'h000000250000003b00000002000000520000001600000027000000040000004500000024000000330000005a000000270000000d00000015000000510000005a; InAddress = 5'h1a;\n",
      " @(posedge CLK) #1 DataIn = 512'h000000250000001a000000560000001200000008000000120000000a00000003000000210000001f0000001f0000002900000030000000130000003400000011; InAddress = 5'h1b;\n",
      " @(posedge CLK) #1 DataIn = 512'h000000450000002e0000004c0000004d000000300000005e0000005b0000004c0000002a000000110000000f0000004f00000061000000120000002100000006; InAddress = 5'h1c;\n",
      " @(posedge CLK) #1 DataIn = 512'h000000240000000c0000004200000033000000590000002e0000003f000000260000005700000046000000150000001f0000000000000063000000280000003f; InAddress = 5'h1d;\n",
      " @(posedge CLK) #1 DataIn = 512'h0000004e0000004d0000002d000000050000004300000007000000500000003f000000080000005500000000000000580000004b00000021000000030000005f; InAddress = 5'h1e;\n",
      " @(posedge CLK) #1 DataIn = 512'h0000003000000030000000080000002f0000003000000024000000560000002a0000003700000029000000360000001100000021000000540000005c0000003e; InAddress = 5'h1f;\n",
      "\n",
      "\n",
      "\n",
      "\n",
      "\n",
      "\n"
     ]
    }
   ],
   "source": [
    "generateHEXdata(A, B)"
   ]
  },
  {
   "cell_type": "code",
   "execution_count": null,
   "id": "a61cb4a4",
   "metadata": {},
   "outputs": [],
   "source": []
  },
  {
   "cell_type": "code",
   "execution_count": null,
   "id": "a3fa200a",
   "metadata": {},
   "outputs": [],
   "source": []
  }
 ],
 "metadata": {
  "kernelspec": {
   "display_name": "Python 3 (ipykernel)",
   "language": "python",
   "name": "python3"
  },
  "language_info": {
   "codemirror_mode": {
    "name": "ipython",
    "version": 3
   },
   "file_extension": ".py",
   "mimetype": "text/x-python",
   "name": "python",
   "nbconvert_exporter": "python",
   "pygments_lexer": "ipython3",
   "version": "3.10.5"
  }
 },
 "nbformat": 4,
 "nbformat_minor": 5
}
