{
 "cells": [
  {
   "cell_type": "code",
   "execution_count": 36,
   "id": "0e93ae7c",
   "metadata": {},
   "outputs": [],
   "source": [
    "import numpy as np\n",
    "from datetime import datetime"
   ]
  },
  {
   "cell_type": "code",
   "execution_count": 29,
   "id": "6619c704",
   "metadata": {},
   "outputs": [
    {
     "data": {
      "text/plain": [
       "array([[ 0, 23, 14,  4, 54,  4, 20, 34, 15, 38, 10, 52, 78, 53, 28,  2],\n",
       "       [11, 41, 72, 63, 38, 31, 85, 74, 72, 66, 46, 31, 72, 45, 69,  9],\n",
       "       [99, 27, 76, 40,  7, 11, 41, 50, 37, 47, 98, 41, 68, 70, 64, 96],\n",
       "       [ 8, 71, 67, 44, 10, 72, 86, 60, 72, 83, 44, 82, 82, 20, 64, 80],\n",
       "       [77, 27, 20, 42, 24, 81, 21,  1, 93, 52, 85, 57, 85, 94, 56, 71],\n",
       "       [ 6, 75, 55, 56, 66,  8, 22, 25, 55, 99, 75, 66, 12, 11, 74, 17],\n",
       "       [16, 99, 58, 45, 79, 18, 35, 43, 15, 69, 78, 78, 98, 27, 71, 44],\n",
       "       [82,  2, 65, 12, 58, 79, 97, 78, 42, 43,  9, 59, 77,  2, 21, 87],\n",
       "       [71, 36,  2, 26, 46, 46, 73, 90,  6, 31, 38, 78, 51, 29, 37, 26],\n",
       "       [ 3, 55, 13, 55, 44, 88, 38, 83, 64, 91, 91, 90, 17, 50, 50,  6],\n",
       "       [ 6, 96, 43, 27, 50, 78, 75,  7, 91, 43, 92, 90, 99,  3, 87, 27],\n",
       "       [18, 73, 64, 94, 63, 46, 34, 72, 73, 59, 52, 23, 13, 17, 33, 19],\n",
       "       [46, 40, 10, 78, 90, 48, 42,  8, 78, 45, 23, 63, 21, 73, 23, 99],\n",
       "       [84, 11, 77, 29, 50, 98, 87, 78, 75, 93, 57, 80, 13, 64,  7, 85],\n",
       "       [39, 34, 88, 56, 91,  1, 40, 46, 39, 97, 88, 37, 43, 50, 80, 50],\n",
       "       [92, 23, 97, 66, 33, 97, 13, 42, 72,  6, 99, 84, 66, 81,  5, 58]])"
      ]
     },
     "execution_count": 29,
     "metadata": {},
     "output_type": "execute_result"
    }
   ],
   "source": [
    "A = np.random.randint(100, size = (16,16))\n",
    "A"
   ]
  },
  {
   "cell_type": "code",
   "execution_count": 30,
   "id": "3acd3c02",
   "metadata": {},
   "outputs": [
    {
     "data": {
      "text/plain": [
       "array([[90, 32, 33, 64, 64, 96, 46, 69, 67, 49, 94, 49,  3, 67, 62, 11],\n",
       "       [82, 91, 77, 54, 61, 23, 68, 49, 73, 66, 23, 52, 12, 36, 39, 30],\n",
       "       [78, 46,  4,  9, 92, 95, 36, 71, 44, 57, 20, 52, 99, 24, 45, 29],\n",
       "       [57, 99, 26, 14, 99, 65, 42, 75, 75, 47,  3, 87, 61,  0,  7, 43],\n",
       "       [12, 58, 91, 15,  2, 62, 32, 20,  8, 62, 99, 90, 42, 72, 54,  5],\n",
       "       [90, 77, 43, 78, 95, 71, 72, 33, 43, 44, 85, 30,  7, 11, 68, 44],\n",
       "       [99, 52, 58, 54, 40, 50, 45, 17, 25, 28, 83, 34,  7, 29, 97, 74],\n",
       "       [67, 27, 57, 30, 90, 58, 54, 70, 23, 99, 59, 38, 79, 58, 22, 88],\n",
       "       [13, 65, 32, 12, 64, 34,  1, 92, 32, 50, 52,  1, 24, 36, 38,  0],\n",
       "       [87, 58,  3, 25, 38, 24, 83, 43, 16,  0, 93, 57, 99, 32, 78, 52],\n",
       "       [36, 45,  0, 96, 76, 49, 75, 61, 26, 31,  7, 43, 50, 85, 43, 87],\n",
       "       [12, 51, 79, 26, 38, 54, 32, 58, 41, 11, 27,  2, 19, 54, 58,  1],\n",
       "       [60, 55, 35, 77, 92, 51,  2, 49, 89, 28, 25,  9, 34, 56, 22,  4],\n",
       "       [32,  8, 13, 99, 44, 99, 97, 87,  0, 28, 17, 81, 84, 94, 73, 51],\n",
       "       [98, 25, 91, 55, 68,  5, 99, 97, 53, 48, 59, 81, 82, 55, 80, 58],\n",
       "       [14, 36, 22, 74, 63, 63, 90,  3, 98, 13, 92, 84, 42, 12, 84, 36]])"
      ]
     },
     "execution_count": 30,
     "metadata": {},
     "output_type": "execute_result"
    }
   ],
   "source": [
    "B = np.random.randint(100, size = (16, 16))\n",
    "B"
   ]
  },
  {
   "cell_type": "code",
   "execution_count": 41,
   "id": "9a3833fd",
   "metadata": {},
   "outputs": [
    {
     "name": "stdout",
     "output_type": "stream",
     "text": [
      "0:00:00\n"
     ]
    },
    {
     "data": {
      "text/plain": [
       "array([[22105, 20298, 20828, 21029, 24113, 22934, 20820, 24148, 16583,\n",
       "        16624, 20648, 19370, 22122, 23976, 22404, 13795],\n",
       "       [51532, 43169, 33918, 36442, 54800, 43032, 41943, 49242, 33861,\n",
       "        35808, 39929, 38460, 43165, 36228, 42800, 34878],\n",
       "       [50341, 38804, 28818, 48598, 59030, 52278, 50869, 50949, 42669,\n",
       "        33384, 43134, 44483, 43885, 42583, 48548, 35797],\n",
       "       [57087, 51177, 39302, 44804, 63101, 47684, 50595, 50165, 45341,\n",
       "        35935, 49156, 40781, 43238, 36554, 52648, 37081],\n",
       "       [46889, 43923, 31224, 51239, 58037, 51037, 49291, 52057, 41229,\n",
       "        30943, 44813, 40918, 37971, 42740, 49611, 30463],\n",
       "       [40919, 40622, 31642, 28657, 42766, 33003, 40692, 42396, 29150,\n",
       "        28764, 34863, 37280, 38975, 32417, 38236, 28081],\n",
       "       [49821, 47023, 40056, 42092, 54270, 43666, 47059, 47026, 41103,\n",
       "        35172, 40864, 43311, 42652, 41472, 44942, 32247],\n",
       "       [49212, 40127, 34859, 38416, 52388, 49250, 39304, 38076, 38657,\n",
       "        33308, 53241, 35260, 32265, 33046, 47387, 29009],\n",
       "       [41986, 33424, 33875, 35070, 42516, 38829, 36650, 36150, 29586,\n",
       "        29711, 39363, 30691, 27195, 33835, 37938, 28374],\n",
       "       [47409, 45613, 35897, 39687, 53058, 42177, 48288, 48813, 30219,\n",
       "        34349, 41494, 37615, 40533, 38830, 44364, 37106],\n",
       "       [53075, 52329, 43283, 45469, 58736, 42394, 45427, 50220, 42867,\n",
       "        35450, 43879, 36654, 35435, 40196, 49286, 32099],\n",
       "       [44096, 44417, 31129, 29361, 50260, 40041, 39048, 43942, 31732,\n",
       "        35962, 36727, 38607, 37898, 30121, 35622, 30609],\n",
       "       [36489, 42416, 33375, 37230, 44955, 45819, 42994, 40428, 35497,\n",
       "        29119, 44960, 42951, 32972, 33548, 44846, 24833],\n",
       "       [56162, 48554, 35730, 47290, 61461, 60733, 54591, 51305, 39085,\n",
       "        38158, 59633, 45572, 44672, 42587, 58677, 39255],\n",
       "       [49856, 43184, 33976, 39555, 53249, 47564, 50124, 50198, 35568,\n",
       "        35342, 45413, 48998, 50360, 42434, 48144, 35815],\n",
       "       [48605, 47484, 31285, 49320, 65512, 61928, 47340, 55067, 43028,\n",
       "        38196, 42305, 41679, 40417, 43592, 46961, 32226]])"
      ]
     },
     "execution_count": 41,
     "metadata": {},
     "output_type": "execute_result"
    }
   ],
   "source": [
    "t0 = datetime.now()\n",
    "C = A @ B\n",
    "time = datetime.now() - t0\n",
    "print(time * 1e9)\n",
    "C"
   ]
  },
  {
   "cell_type": "code",
   "execution_count": 32,
   "id": "013c4a91",
   "metadata": {},
   "outputs": [],
   "source": [
    "def generateHEXdata(A, B):\n",
    "    \n",
    "    matrixes = [A, B.T]\n",
    "    \n",
    "    for index, matrix in enumerate(matrixes):\n",
    "        hexData = []\n",
    "        for row in matrix:\n",
    "            tempRowHex = \"\"\n",
    "            for col in row:\n",
    "                tempColHex = hex(col)[2:].zfill(8)\n",
    "                tempRowHex += tempColHex\n",
    "\n",
    "            tempRowHex = tempRowHex.ljust(128, '0')\n",
    "            hexData.append(tempRowHex)\n",
    "            \n",
    "        for i in range(16):\n",
    "            \n",
    "            try:\n",
    "                x = \" @(posedge CLK) #1 DataIn = \"\n",
    "                y =\"512'h\" + hexData[i]\n",
    "                z = f\"; InAddress = 5'h{index}{hex(i)[2:]};\"\n",
    "                \n",
    "                print(x + y + z)\n",
    "                \n",
    "            except IndexError:\n",
    "                pass\n",
    "            \n",
    "        print(\"\\n\\n\\n\\n\\n\")"
   ]
  },
  {
   "cell_type": "code",
   "execution_count": 33,
   "id": "1cd5766f",
   "metadata": {},
   "outputs": [
    {
     "name": "stdout",
     "output_type": "stream",
     "text": [
      " @(posedge CLK) #1 DataIn = 512'h00000000000000170000000e00000004000000360000000400000014000000220000000f000000260000000a000000340000004e000000350000001c00000002; InAddress = 5'h00;\n",
      " @(posedge CLK) #1 DataIn = 512'h0000000b00000029000000480000003f000000260000001f000000550000004a00000048000000420000002e0000001f000000480000002d0000004500000009; InAddress = 5'h01;\n",
      " @(posedge CLK) #1 DataIn = 512'h000000630000001b0000004c00000028000000070000000b0000002900000032000000250000002f000000620000002900000044000000460000004000000060; InAddress = 5'h02;\n",
      " @(posedge CLK) #1 DataIn = 512'h0000000800000047000000430000002c0000000a00000048000000560000003c00000048000000530000002c0000005200000052000000140000004000000050; InAddress = 5'h03;\n",
      " @(posedge CLK) #1 DataIn = 512'h0000004d0000001b000000140000002a000000180000005100000015000000010000005d000000340000005500000039000000550000005e0000003800000047; InAddress = 5'h04;\n",
      " @(posedge CLK) #1 DataIn = 512'h000000060000004b00000037000000380000004200000008000000160000001900000037000000630000004b000000420000000c0000000b0000004a00000011; InAddress = 5'h05;\n",
      " @(posedge CLK) #1 DataIn = 512'h00000010000000630000003a0000002d0000004f00000012000000230000002b0000000f000000450000004e0000004e000000620000001b000000470000002c; InAddress = 5'h06;\n",
      " @(posedge CLK) #1 DataIn = 512'h0000005200000002000000410000000c0000003a0000004f000000610000004e0000002a0000002b000000090000003b0000004d000000020000001500000057; InAddress = 5'h07;\n",
      " @(posedge CLK) #1 DataIn = 512'h0000004700000024000000020000001a0000002e0000002e000000490000005a000000060000001f000000260000004e000000330000001d000000250000001a; InAddress = 5'h08;\n",
      " @(posedge CLK) #1 DataIn = 512'h00000003000000370000000d000000370000002c000000580000002600000053000000400000005b0000005b0000005a00000011000000320000003200000006; InAddress = 5'h09;\n",
      " @(posedge CLK) #1 DataIn = 512'h00000006000000600000002b0000001b000000320000004e0000004b000000070000005b0000002b0000005c0000005a0000006300000003000000570000001b; InAddress = 5'h0a;\n",
      " @(posedge CLK) #1 DataIn = 512'h0000001200000049000000400000005e0000003f0000002e0000002200000048000000490000003b00000034000000170000000d000000110000002100000013; InAddress = 5'h0b;\n",
      " @(posedge CLK) #1 DataIn = 512'h0000002e000000280000000a0000004e0000005a000000300000002a000000080000004e0000002d000000170000003f00000015000000490000001700000063; InAddress = 5'h0c;\n",
      " @(posedge CLK) #1 DataIn = 512'h000000540000000b0000004d0000001d0000003200000062000000570000004e0000004b0000005d00000039000000500000000d000000400000000700000055; InAddress = 5'h0d;\n",
      " @(posedge CLK) #1 DataIn = 512'h000000270000002200000058000000380000005b00000001000000280000002e000000270000006100000058000000250000002b000000320000005000000032; InAddress = 5'h0e;\n",
      " @(posedge CLK) #1 DataIn = 512'h0000005c00000017000000610000004200000021000000610000000d0000002a000000480000000600000063000000540000004200000051000000050000003a; InAddress = 5'h0f;\n",
      "\n",
      "\n",
      "\n",
      "\n",
      "\n",
      "\n",
      " @(posedge CLK) #1 DataIn = 512'h0000005a000000520000004e000000390000000c0000005a00000063000000430000000d00000057000000240000000c0000003c00000020000000620000000e; InAddress = 5'h10;\n",
      " @(posedge CLK) #1 DataIn = 512'h000000200000005b0000002e000000630000003a0000004d000000340000001b000000410000003a0000002d0000003300000037000000080000001900000024; InAddress = 5'h11;\n",
      " @(posedge CLK) #1 DataIn = 512'h000000210000004d000000040000001a0000005b0000002b0000003a000000390000002000000003000000000000004f000000230000000d0000005b00000016; InAddress = 5'h12;\n",
      " @(posedge CLK) #1 DataIn = 512'h0000004000000036000000090000000e0000000f0000004e000000360000001e0000000c00000019000000600000001a0000004d00000063000000370000004a; InAddress = 5'h13;\n",
      " @(posedge CLK) #1 DataIn = 512'h000000400000003d0000005c00000063000000020000005f000000280000005a00000040000000260000004c000000260000005c0000002c000000440000003f; InAddress = 5'h14;\n",
      " @(posedge CLK) #1 DataIn = 512'h00000060000000170000005f000000410000003e00000047000000320000003a000000220000001800000031000000360000003300000063000000050000003f; InAddress = 5'h15;\n",
      " @(posedge CLK) #1 DataIn = 512'h0000002e00000044000000240000002a00000020000000480000002d0000003600000001000000530000004b000000200000000200000061000000630000005a; InAddress = 5'h16;\n",
      " @(posedge CLK) #1 DataIn = 512'h0000004500000031000000470000004b000000140000002100000011000000460000005c0000002b0000003d0000003a00000031000000570000006100000003; InAddress = 5'h17;\n",
      " @(posedge CLK) #1 DataIn = 512'h00000043000000490000002c0000004b000000080000002b000000190000001700000020000000100000001a0000002900000059000000000000003500000062; InAddress = 5'h18;\n",
      " @(posedge CLK) #1 DataIn = 512'h0000003100000042000000390000002f0000003e0000002c0000001c0000006300000032000000000000001f0000000b0000001c0000001c000000300000000d; InAddress = 5'h19;\n",
      " @(posedge CLK) #1 DataIn = 512'h0000005e0000001700000014000000030000006300000055000000530000003b000000340000005d000000070000001b00000019000000110000003b0000005c; InAddress = 5'h1a;\n",
      " @(posedge CLK) #1 DataIn = 512'h000000310000003400000034000000570000005a0000001e000000220000002600000001000000390000002b0000000200000009000000510000005100000054; InAddress = 5'h1b;\n",
      " @(posedge CLK) #1 DataIn = 512'h000000030000000c000000630000003d0000002a00000007000000070000004f000000180000006300000032000000130000002200000054000000520000002a; InAddress = 5'h1c;\n",
      " @(posedge CLK) #1 DataIn = 512'h00000043000000240000001800000000000000480000000b0000001d0000003a00000024000000200000005500000036000000380000005e000000370000000c; InAddress = 5'h1d;\n",
      " @(posedge CLK) #1 DataIn = 512'h0000003e000000270000002d0000000700000036000000440000006100000016000000260000004e0000002b0000003a00000016000000490000005000000054; InAddress = 5'h1e;\n",
      " @(posedge CLK) #1 DataIn = 512'h0000000b0000001e0000001d0000002b000000050000002c0000004a000000580000000000000034000000570000000100000004000000330000003a00000024; InAddress = 5'h1f;\n",
      "\n",
      "\n",
      "\n",
      "\n",
      "\n",
      "\n"
     ]
    }
   ],
   "source": [
    "generateHEXdata(A, B)"
   ]
  },
  {
   "cell_type": "code",
   "execution_count": null,
   "id": "a61cb4a4",
   "metadata": {},
   "outputs": [],
   "source": []
  },
  {
   "cell_type": "code",
   "execution_count": null,
   "id": "a3fa200a",
   "metadata": {},
   "outputs": [],
   "source": []
  }
 ],
 "metadata": {
  "kernelspec": {
   "display_name": "Python 3 (ipykernel)",
   "language": "python",
   "name": "python3"
  },
  "language_info": {
   "codemirror_mode": {
    "name": "ipython",
    "version": 3
   },
   "file_extension": ".py",
   "mimetype": "text/x-python",
   "name": "python",
   "nbconvert_exporter": "python",
   "pygments_lexer": "ipython3",
   "version": "3.10.5"
  }
 },
 "nbformat": 4,
 "nbformat_minor": 5
}
