{
 "cells": [
  {
   "cell_type": "code",
   "execution_count": 1,
   "id": "61f53c32",
   "metadata": {},
   "outputs": [],
   "source": [
    "import numpy as np"
   ]
  },
  {
   "cell_type": "code",
   "execution_count": 2,
   "id": "f889892c",
   "metadata": {},
   "outputs": [
    {
     "data": {
      "text/plain": [
       "array([[23, 10, 20, 40, 34, 86, 59, 69, 61, 20, 62, 90,  8, 91, 77, 31],\n",
       "       [63, 33, 60, 25, 83, 83, 74, 65, 90, 71, 52, 33, 51,  0, 21, 56],\n",
       "       [26, 68, 69, 83,  6, 14, 94, 63, 92, 73, 52, 45, 82,  5, 40, 88],\n",
       "       [15,  5, 34, 83, 50, 42,  5, 80, 97, 91, 77, 48, 17, 82, 48, 57],\n",
       "       [36, 89,  7, 50, 33,  5, 62, 61, 96, 93, 21, 99, 38, 25,  6, 30],\n",
       "       [60, 84, 90, 34, 75, 19, 97, 12, 14, 41,  7, 61, 45, 49, 79, 56],\n",
       "       [55, 89,  4, 50, 25, 53, 84, 17, 29, 25, 36, 23, 65, 40, 93, 10],\n",
       "       [74, 25, 41, 39, 72, 17, 82, 62, 48, 10, 82, 55, 36, 37, 58, 50],\n",
       "       [83, 26, 16, 73, 70, 15, 98,  7,  1, 52, 57, 83, 52, 84, 26, 94],\n",
       "       [24, 47, 16, 72,  6, 13, 19, 96, 85, 44,  2, 69, 37, 30, 53, 49],\n",
       "       [93, 51, 18, 81, 85, 93, 69, 67, 20, 69, 98, 51, 97, 68, 48,  1],\n",
       "       [ 2, 93, 90, 28, 59, 16,  2, 38, 14, 91, 10, 69, 60, 90, 15, 83],\n",
       "       [24, 66,  5, 51, 76, 50, 72, 87, 32, 41, 29, 81, 92, 65, 38, 41],\n",
       "       [63, 31,  6, 96, 68, 56, 39, 28, 96, 16, 56,  3, 91, 60, 55, 20],\n",
       "       [91, 40,  9,  0, 95, 36, 91,  4, 23, 71, 82, 49, 43, 94, 52,  1],\n",
       "       [39, 83, 32, 83, 66, 39, 27, 61,  7, 42, 59, 52, 66, 16, 66, 10]])"
      ]
     },
     "execution_count": 2,
     "metadata": {},
     "output_type": "execute_result"
    }
   ],
   "source": [
    "A = np.random.randint(100, size = (16,16))\n",
    "A"
   ]
  },
  {
   "cell_type": "code",
   "execution_count": 3,
   "id": "92b349f2",
   "metadata": {},
   "outputs": [
    {
     "data": {
      "text/plain": [
       "array([[ 6, 29, 85, 77, 66, 45, 53, 48, 53, 35,  2, 67, 57, 72, 26, 30],\n",
       "       [50, 88, 77, 94, 33, 48,  9, 51,  8, 22, 47, 60, 32, 98, 26, 73],\n",
       "       [42, 71, 38, 12, 24, 99, 32, 13, 74, 60, 66, 35, 42, 56, 85,  7],\n",
       "       [73, 21, 52, 51, 79, 57, 48, 44, 78, 73, 30, 19, 57,  9, 16, 98],\n",
       "       [95, 46, 24, 71, 74, 11, 18, 59, 56, 64, 28, 91, 72, 72, 60, 60],\n",
       "       [40, 90, 44,  6, 46, 32,  9, 15, 73,  6, 65, 72, 69, 75, 66, 48],\n",
       "       [24,  2, 24, 54, 24, 65, 85, 58, 49, 66, 65, 51, 33, 14, 10, 35],\n",
       "       [65, 63, 65, 79,  1, 17, 11, 41, 32, 67, 34, 24, 26, 90, 53, 97],\n",
       "       [91,  3, 43, 13, 18, 17,  4, 71,  0, 97, 34, 24, 46, 67, 41, 55],\n",
       "       [62, 19,  1, 88,  6, 17, 13, 71, 54, 65, 45, 92, 97, 80, 42, 10],\n",
       "       [56, 45, 13, 17, 60,  5, 21,  3, 93, 20, 31, 11, 53, 74, 24,  8],\n",
       "       [21,  2, 80, 82, 82, 45, 35, 91,  1, 39,  2, 41, 96,  7, 26,  8],\n",
       "       [ 6,  7, 27, 16, 43, 93, 81, 96,  7,  8, 66, 17, 66, 23, 29, 32],\n",
       "       [60, 25, 80, 69, 20, 79, 42, 62, 13, 75, 23, 12, 33, 49, 22, 38],\n",
       "       [33, 41, 79, 86, 24, 27, 48, 52, 76, 19, 87, 40, 69, 99,  7, 17],\n",
       "       [ 5, 26, 10, 23,  8, 76, 51, 43, 17, 22, 76, 81,  5, 62, 52, 57]])"
      ]
     },
     "execution_count": 3,
     "metadata": {},
     "output_type": "execute_result"
    }
   ],
   "source": [
    "B = np.random.randint(100, size = (16,16))\n",
    "B"
   ]
  },
  {
   "cell_type": "code",
   "execution_count": 4,
   "id": "72d1461b",
   "metadata": {},
   "outputs": [
    {
     "data": {
      "text/plain": [
       "array([[37326, 27403, 40604, 41287, 30023, 32014, 25732, 39055, 33734,\n",
       "        37355, 32511, 32047, 42545, 45143, 26715, 31967],\n",
       "       [41055, 31746, 33974, 40388, 31480, 35316, 27527, 42672, 38014,\n",
       "        41116, 38508, 44499, 46473, 52955, 35955, 36549],\n",
       "       [39301, 27793, 36454, 43333, 29774, 44570, 34343, 47876, 35480,\n",
       "        43689, 43432, 39197, 44591, 49329, 31800, 39870],\n",
       "       [46257, 27362, 36120, 42541, 29187, 32019, 23395, 41829, 36421,\n",
       "        45064, 33566, 35146, 45320, 50749, 31292, 37108],\n",
       "       [37231, 21473, 35458, 45758, 27834, 30749, 23358, 45968, 22872,\n",
       "        40200, 27753, 35702, 42348, 41937, 24982, 33981],\n",
       "       [33401, 29839, 40050, 48049, 31521, 43682, 33568, 44009, 34722,\n",
       "        37260, 38962, 42019, 43216, 47053, 29196, 31426],\n",
       "       [28811, 25676, 36315, 40274, 27559, 32322, 28419, 37291, 30686,\n",
       "        27936, 33574, 31348, 37624, 41887, 19260, 29776],\n",
       "       [35116, 25977, 36829, 41744, 32348, 34040, 30205, 39162, 35685,\n",
       "        37079, 32565, 34735, 40291, 45564, 26881, 32404],\n",
       "       [32786, 22267, 37202, 47045, 36564, 42706, 37015, 46137, 34748,\n",
       "        38405, 33254, 41068, 44434, 40984, 26080, 33034],\n",
       "       [32248, 20787, 34744, 38260, 22228, 28647, 21228, 38231, 21877,\n",
       "        34705, 27522, 27128, 34342, 38643, 22681, 33981],\n",
       "       [46491, 37059, 47015, 54489, 44470, 42630, 36709, 51343, 48180,\n",
       "        43595, 40532, 45481, 58528, 58368, 34142, 42598],\n",
       "       [34844, 29574, 34023, 43186, 25221, 41340, 24418, 42089, 25534,\n",
       "        35615, 33931, 38001, 39877, 45308, 31769, 30925],\n",
       "       [38670, 28786, 40741, 48497, 33350, 39109, 31571, 49046, 30432,\n",
       "        38803, 36009, 38353, 45963, 46737, 29104, 39937],\n",
       "       [39632, 25037, 36728, 36855, 33504, 34467, 29193, 41738, 34234,\n",
       "        37695, 33307, 31598, 42187, 44531, 25554, 37631],\n",
       "       [35568, 24857, 36310, 46694, 33179, 32204, 29714, 42194, 35345,\n",
       "        35976, 29924, 38801, 45804, 46587, 24267, 25626],\n",
       "       [35451, 30299, 36797, 43739, 33029, 31816, 25656, 38297, 35054,\n",
       "        31316, 32080, 33522, 42877, 45041, 25324, 34386]])"
      ]
     },
     "execution_count": 4,
     "metadata": {},
     "output_type": "execute_result"
    }
   ],
   "source": [
    "C = A@B\n",
    "C"
   ]
  },
  {
   "cell_type": "code",
   "execution_count": null,
   "id": "c8981eb8",
   "metadata": {},
   "outputs": [],
   "source": []
  },
  {
   "cell_type": "code",
   "execution_count": null,
   "id": "7e8cff8d",
   "metadata": {},
   "outputs": [],
   "source": []
  },
  {
   "cell_type": "code",
   "execution_count": 15,
   "id": "f6d2b125",
   "metadata": {},
   "outputs": [
    {
     "name": "stdout",
     "output_type": "stream",
     "text": [
      "//////////////////////////  Fill A Matrix Data ///////////////////////////////////\n",
      "@(posedge clk) #1 MemInAddr  = 9'h0; MemInData = 32'h1f;\n",
      "@(posedge clk) #1 MemInAddr  = 9'h1; MemInData = 32'h4d;\n",
      "@(posedge clk) #1 MemInAddr  = 9'h2; MemInData = 32'h5b;\n",
      "@(posedge clk) #1 MemInAddr  = 9'h3; MemInData = 32'h8;\n",
      "@(posedge clk) #1 MemInAddr  = 9'h4; MemInData = 32'h5a;\n",
      "@(posedge clk) #1 MemInAddr  = 9'h5; MemInData = 32'h3e;\n",
      "@(posedge clk) #1 MemInAddr  = 9'h6; MemInData = 32'h14;\n",
      "@(posedge clk) #1 MemInAddr  = 9'h7; MemInData = 32'h3d;\n",
      "@(posedge clk) #1 MemInAddr  = 9'h8; MemInData = 32'h45;\n",
      "@(posedge clk) #1 MemInAddr  = 9'h9; MemInData = 32'h3b;\n",
      "@(posedge clk) #1 MemInAddr  = 9'ha; MemInData = 32'h56;\n",
      "@(posedge clk) #1 MemInAddr  = 9'hb; MemInData = 32'h22;\n",
      "@(posedge clk) #1 MemInAddr  = 9'hc; MemInData = 32'h28;\n",
      "@(posedge clk) #1 MemInAddr  = 9'hd; MemInData = 32'h14;\n",
      "@(posedge clk) #1 MemInAddr  = 9'he; MemInData = 32'ha;\n",
      "@(posedge clk) #1 MemInAddr  = 9'hf; MemInData = 32'h17;\n",
      "@(posedge clk) #1 MemInAddr  = 9'h10; MemInData = 32'h38;\n",
      "@(posedge clk) #1 MemInAddr  = 9'h11; MemInData = 32'h15;\n",
      "@(posedge clk) #1 MemInAddr  = 9'h12; MemInData = 32'h0;\n",
      "@(posedge clk) #1 MemInAddr  = 9'h13; MemInData = 32'h33;\n",
      "@(posedge clk) #1 MemInAddr  = 9'h14; MemInData = 32'h21;\n",
      "@(posedge clk) #1 MemInAddr  = 9'h15; MemInData = 32'h34;\n",
      "@(posedge clk) #1 MemInAddr  = 9'h16; MemInData = 32'h47;\n",
      "@(posedge clk) #1 MemInAddr  = 9'h17; MemInData = 32'h5a;\n",
      "@(posedge clk) #1 MemInAddr  = 9'h18; MemInData = 32'h41;\n",
      "@(posedge clk) #1 MemInAddr  = 9'h19; MemInData = 32'h4a;\n",
      "@(posedge clk) #1 MemInAddr  = 9'h1a; MemInData = 32'h53;\n",
      "@(posedge clk) #1 MemInAddr  = 9'h1b; MemInData = 32'h53;\n",
      "@(posedge clk) #1 MemInAddr  = 9'h1c; MemInData = 32'h19;\n",
      "@(posedge clk) #1 MemInAddr  = 9'h1d; MemInData = 32'h3c;\n",
      "@(posedge clk) #1 MemInAddr  = 9'h1e; MemInData = 32'h21;\n",
      "@(posedge clk) #1 MemInAddr  = 9'h1f; MemInData = 32'h3f;\n",
      "@(posedge clk) #1 MemInAddr  = 9'h20; MemInData = 32'h58;\n",
      "@(posedge clk) #1 MemInAddr  = 9'h21; MemInData = 32'h28;\n",
      "@(posedge clk) #1 MemInAddr  = 9'h22; MemInData = 32'h5;\n",
      "@(posedge clk) #1 MemInAddr  = 9'h23; MemInData = 32'h52;\n",
      "@(posedge clk) #1 MemInAddr  = 9'h24; MemInData = 32'h2d;\n",
      "@(posedge clk) #1 MemInAddr  = 9'h25; MemInData = 32'h34;\n",
      "@(posedge clk) #1 MemInAddr  = 9'h26; MemInData = 32'h49;\n",
      "@(posedge clk) #1 MemInAddr  = 9'h27; MemInData = 32'h5c;\n",
      "@(posedge clk) #1 MemInAddr  = 9'h28; MemInData = 32'h3f;\n",
      "@(posedge clk) #1 MemInAddr  = 9'h29; MemInData = 32'h5e;\n",
      "@(posedge clk) #1 MemInAddr  = 9'h2a; MemInData = 32'he;\n",
      "@(posedge clk) #1 MemInAddr  = 9'h2b; MemInData = 32'h6;\n",
      "@(posedge clk) #1 MemInAddr  = 9'h2c; MemInData = 32'h53;\n",
      "@(posedge clk) #1 MemInAddr  = 9'h2d; MemInData = 32'h45;\n",
      "@(posedge clk) #1 MemInAddr  = 9'h2e; MemInData = 32'h44;\n",
      "@(posedge clk) #1 MemInAddr  = 9'h2f; MemInData = 32'h1a;\n",
      "@(posedge clk) #1 MemInAddr  = 9'h30; MemInData = 32'h39;\n",
      "@(posedge clk) #1 MemInAddr  = 9'h31; MemInData = 32'h30;\n",
      "@(posedge clk) #1 MemInAddr  = 9'h32; MemInData = 32'h52;\n",
      "@(posedge clk) #1 MemInAddr  = 9'h33; MemInData = 32'h11;\n",
      "@(posedge clk) #1 MemInAddr  = 9'h34; MemInData = 32'h30;\n",
      "@(posedge clk) #1 MemInAddr  = 9'h35; MemInData = 32'h4d;\n",
      "@(posedge clk) #1 MemInAddr  = 9'h36; MemInData = 32'h5b;\n",
      "@(posedge clk) #1 MemInAddr  = 9'h37; MemInData = 32'h61;\n",
      "@(posedge clk) #1 MemInAddr  = 9'h38; MemInData = 32'h50;\n",
      "@(posedge clk) #1 MemInAddr  = 9'h39; MemInData = 32'h5;\n",
      "@(posedge clk) #1 MemInAddr  = 9'h3a; MemInData = 32'h2a;\n",
      "@(posedge clk) #1 MemInAddr  = 9'h3b; MemInData = 32'h32;\n",
      "@(posedge clk) #1 MemInAddr  = 9'h3c; MemInData = 32'h53;\n",
      "@(posedge clk) #1 MemInAddr  = 9'h3d; MemInData = 32'h22;\n",
      "@(posedge clk) #1 MemInAddr  = 9'h3e; MemInData = 32'h5;\n",
      "@(posedge clk) #1 MemInAddr  = 9'h3f; MemInData = 32'hf;\n",
      "@(posedge clk) #1 MemInAddr  = 9'h40; MemInData = 32'h1e;\n",
      "@(posedge clk) #1 MemInAddr  = 9'h41; MemInData = 32'h6;\n",
      "@(posedge clk) #1 MemInAddr  = 9'h42; MemInData = 32'h19;\n",
      "@(posedge clk) #1 MemInAddr  = 9'h43; MemInData = 32'h26;\n",
      "@(posedge clk) #1 MemInAddr  = 9'h44; MemInData = 32'h63;\n",
      "@(posedge clk) #1 MemInAddr  = 9'h45; MemInData = 32'h15;\n",
      "@(posedge clk) #1 MemInAddr  = 9'h46; MemInData = 32'h5d;\n",
      "@(posedge clk) #1 MemInAddr  = 9'h47; MemInData = 32'h60;\n",
      "@(posedge clk) #1 MemInAddr  = 9'h48; MemInData = 32'h3d;\n",
      "@(posedge clk) #1 MemInAddr  = 9'h49; MemInData = 32'h3e;\n",
      "@(posedge clk) #1 MemInAddr  = 9'h4a; MemInData = 32'h5;\n",
      "@(posedge clk) #1 MemInAddr  = 9'h4b; MemInData = 32'h21;\n",
      "@(posedge clk) #1 MemInAddr  = 9'h4c; MemInData = 32'h32;\n",
      "@(posedge clk) #1 MemInAddr  = 9'h4d; MemInData = 32'h7;\n",
      "@(posedge clk) #1 MemInAddr  = 9'h4e; MemInData = 32'h59;\n",
      "@(posedge clk) #1 MemInAddr  = 9'h4f; MemInData = 32'h24;\n",
      "@(posedge clk) #1 MemInAddr  = 9'h50; MemInData = 32'h38;\n",
      "@(posedge clk) #1 MemInAddr  = 9'h51; MemInData = 32'h4f;\n",
      "@(posedge clk) #1 MemInAddr  = 9'h52; MemInData = 32'h31;\n",
      "@(posedge clk) #1 MemInAddr  = 9'h53; MemInData = 32'h2d;\n",
      "@(posedge clk) #1 MemInAddr  = 9'h54; MemInData = 32'h3d;\n",
      "@(posedge clk) #1 MemInAddr  = 9'h55; MemInData = 32'h7;\n",
      "@(posedge clk) #1 MemInAddr  = 9'h56; MemInData = 32'h29;\n",
      "@(posedge clk) #1 MemInAddr  = 9'h57; MemInData = 32'he;\n",
      "@(posedge clk) #1 MemInAddr  = 9'h58; MemInData = 32'hc;\n",
      "@(posedge clk) #1 MemInAddr  = 9'h59; MemInData = 32'h61;\n",
      "@(posedge clk) #1 MemInAddr  = 9'h5a; MemInData = 32'h13;\n",
      "@(posedge clk) #1 MemInAddr  = 9'h5b; MemInData = 32'h4b;\n",
      "@(posedge clk) #1 MemInAddr  = 9'h5c; MemInData = 32'h22;\n",
      "@(posedge clk) #1 MemInAddr  = 9'h5d; MemInData = 32'h5a;\n",
      "@(posedge clk) #1 MemInAddr  = 9'h5e; MemInData = 32'h54;\n",
      "@(posedge clk) #1 MemInAddr  = 9'h5f; MemInData = 32'h3c;\n",
      "@(posedge clk) #1 MemInAddr  = 9'h60; MemInData = 32'ha;\n",
      "@(posedge clk) #1 MemInAddr  = 9'h61; MemInData = 32'h5d;\n",
      "@(posedge clk) #1 MemInAddr  = 9'h62; MemInData = 32'h28;\n",
      "@(posedge clk) #1 MemInAddr  = 9'h63; MemInData = 32'h41;\n",
      "@(posedge clk) #1 MemInAddr  = 9'h64; MemInData = 32'h17;\n",
      "@(posedge clk) #1 MemInAddr  = 9'h65; MemInData = 32'h24;\n",
      "@(posedge clk) #1 MemInAddr  = 9'h66; MemInData = 32'h19;\n",
      "@(posedge clk) #1 MemInAddr  = 9'h67; MemInData = 32'h1d;\n",
      "@(posedge clk) #1 MemInAddr  = 9'h68; MemInData = 32'h11;\n",
      "@(posedge clk) #1 MemInAddr  = 9'h69; MemInData = 32'h54;\n",
      "@(posedge clk) #1 MemInAddr  = 9'h6a; MemInData = 32'h35;\n",
      "@(posedge clk) #1 MemInAddr  = 9'h6b; MemInData = 32'h19;\n",
      "@(posedge clk) #1 MemInAddr  = 9'h6c; MemInData = 32'h32;\n",
      "@(posedge clk) #1 MemInAddr  = 9'h6d; MemInData = 32'h4;\n",
      "@(posedge clk) #1 MemInAddr  = 9'h6e; MemInData = 32'h59;\n",
      "@(posedge clk) #1 MemInAddr  = 9'h6f; MemInData = 32'h37;\n",
      "@(posedge clk) #1 MemInAddr  = 9'h70; MemInData = 32'h32;\n",
      "@(posedge clk) #1 MemInAddr  = 9'h71; MemInData = 32'h3a;\n",
      "@(posedge clk) #1 MemInAddr  = 9'h72; MemInData = 32'h25;\n",
      "@(posedge clk) #1 MemInAddr  = 9'h73; MemInData = 32'h24;\n",
      "@(posedge clk) #1 MemInAddr  = 9'h74; MemInData = 32'h37;\n",
      "@(posedge clk) #1 MemInAddr  = 9'h75; MemInData = 32'h52;\n",
      "@(posedge clk) #1 MemInAddr  = 9'h76; MemInData = 32'ha;\n",
      "@(posedge clk) #1 MemInAddr  = 9'h77; MemInData = 32'h30;\n",
      "@(posedge clk) #1 MemInAddr  = 9'h78; MemInData = 32'h3e;\n",
      "@(posedge clk) #1 MemInAddr  = 9'h79; MemInData = 32'h52;\n",
      "@(posedge clk) #1 MemInAddr  = 9'h7a; MemInData = 32'h11;\n",
      "@(posedge clk) #1 MemInAddr  = 9'h7b; MemInData = 32'h48;\n",
      "@(posedge clk) #1 MemInAddr  = 9'h7c; MemInData = 32'h27;\n",
      "@(posedge clk) #1 MemInAddr  = 9'h7d; MemInData = 32'h29;\n",
      "@(posedge clk) #1 MemInAddr  = 9'h7e; MemInData = 32'h19;\n",
      "@(posedge clk) #1 MemInAddr  = 9'h7f; MemInData = 32'h4a;\n",
      "@(posedge clk) #1 MemInAddr  = 9'h80; MemInData = 32'h5e;\n",
      "@(posedge clk) #1 MemInAddr  = 9'h81; MemInData = 32'h1a;\n",
      "@(posedge clk) #1 MemInAddr  = 9'h82; MemInData = 32'h54;\n",
      "@(posedge clk) #1 MemInAddr  = 9'h83; MemInData = 32'h34;\n",
      "@(posedge clk) #1 MemInAddr  = 9'h84; MemInData = 32'h53;\n",
      "@(posedge clk) #1 MemInAddr  = 9'h85; MemInData = 32'h39;\n",
      "@(posedge clk) #1 MemInAddr  = 9'h86; MemInData = 32'h34;\n",
      "@(posedge clk) #1 MemInAddr  = 9'h87; MemInData = 32'h1;\n",
      "@(posedge clk) #1 MemInAddr  = 9'h88; MemInData = 32'h7;\n",
      "@(posedge clk) #1 MemInAddr  = 9'h89; MemInData = 32'h62;\n",
      "@(posedge clk) #1 MemInAddr  = 9'h8a; MemInData = 32'hf;\n",
      "@(posedge clk) #1 MemInAddr  = 9'h8b; MemInData = 32'h46;\n",
      "@(posedge clk) #1 MemInAddr  = 9'h8c; MemInData = 32'h49;\n",
      "@(posedge clk) #1 MemInAddr  = 9'h8d; MemInData = 32'h10;\n",
      "@(posedge clk) #1 MemInAddr  = 9'h8e; MemInData = 32'h1a;\n",
      "@(posedge clk) #1 MemInAddr  = 9'h8f; MemInData = 32'h53;\n",
      "@(posedge clk) #1 MemInAddr  = 9'h90; MemInData = 32'h31;\n",
      "@(posedge clk) #1 MemInAddr  = 9'h91; MemInData = 32'h35;\n",
      "@(posedge clk) #1 MemInAddr  = 9'h92; MemInData = 32'h1e;\n",
      "@(posedge clk) #1 MemInAddr  = 9'h93; MemInData = 32'h25;\n",
      "@(posedge clk) #1 MemInAddr  = 9'h94; MemInData = 32'h45;\n",
      "@(posedge clk) #1 MemInAddr  = 9'h95; MemInData = 32'h2;\n",
      "@(posedge clk) #1 MemInAddr  = 9'h96; MemInData = 32'h2c;\n",
      "@(posedge clk) #1 MemInAddr  = 9'h97; MemInData = 32'h55;\n",
      "@(posedge clk) #1 MemInAddr  = 9'h98; MemInData = 32'h60;\n",
      "@(posedge clk) #1 MemInAddr  = 9'h99; MemInData = 32'h13;\n",
      "@(posedge clk) #1 MemInAddr  = 9'h9a; MemInData = 32'hd;\n",
      "@(posedge clk) #1 MemInAddr  = 9'h9b; MemInData = 32'h6;\n",
      "@(posedge clk) #1 MemInAddr  = 9'h9c; MemInData = 32'h48;\n",
      "@(posedge clk) #1 MemInAddr  = 9'h9d; MemInData = 32'h10;\n",
      "@(posedge clk) #1 MemInAddr  = 9'h9e; MemInData = 32'h2f;\n",
      "@(posedge clk) #1 MemInAddr  = 9'h9f; MemInData = 32'h18;\n",
      "@(posedge clk) #1 MemInAddr  = 9'ha0; MemInData = 32'h1;\n",
      "@(posedge clk) #1 MemInAddr  = 9'ha1; MemInData = 32'h30;\n",
      "@(posedge clk) #1 MemInAddr  = 9'ha2; MemInData = 32'h44;\n",
      "@(posedge clk) #1 MemInAddr  = 9'ha3; MemInData = 32'h61;\n",
      "@(posedge clk) #1 MemInAddr  = 9'ha4; MemInData = 32'h33;\n",
      "@(posedge clk) #1 MemInAddr  = 9'ha5; MemInData = 32'h62;\n",
      "@(posedge clk) #1 MemInAddr  = 9'ha6; MemInData = 32'h45;\n",
      "@(posedge clk) #1 MemInAddr  = 9'ha7; MemInData = 32'h14;\n",
      "@(posedge clk) #1 MemInAddr  = 9'ha8; MemInData = 32'h43;\n",
      "@(posedge clk) #1 MemInAddr  = 9'ha9; MemInData = 32'h45;\n",
      "@(posedge clk) #1 MemInAddr  = 9'haa; MemInData = 32'h5d;\n",
      "@(posedge clk) #1 MemInAddr  = 9'hab; MemInData = 32'h55;\n",
      "@(posedge clk) #1 MemInAddr  = 9'hac; MemInData = 32'h51;\n",
      "@(posedge clk) #1 MemInAddr  = 9'had; MemInData = 32'h12;\n",
      "@(posedge clk) #1 MemInAddr  = 9'hae; MemInData = 32'h33;\n",
      "@(posedge clk) #1 MemInAddr  = 9'haf; MemInData = 32'h5d;\n",
      "@(posedge clk) #1 MemInAddr  = 9'hb0; MemInData = 32'h53;\n",
      "@(posedge clk) #1 MemInAddr  = 9'hb1; MemInData = 32'hf;\n",
      "@(posedge clk) #1 MemInAddr  = 9'hb2; MemInData = 32'h5a;\n",
      "@(posedge clk) #1 MemInAddr  = 9'hb3; MemInData = 32'h3c;\n",
      "@(posedge clk) #1 MemInAddr  = 9'hb4; MemInData = 32'h45;\n",
      "@(posedge clk) #1 MemInAddr  = 9'hb5; MemInData = 32'ha;\n",
      "@(posedge clk) #1 MemInAddr  = 9'hb6; MemInData = 32'h5b;\n",
      "@(posedge clk) #1 MemInAddr  = 9'hb7; MemInData = 32'he;\n",
      "@(posedge clk) #1 MemInAddr  = 9'hb8; MemInData = 32'h26;\n",
      "@(posedge clk) #1 MemInAddr  = 9'hb9; MemInData = 32'h2;\n",
      "@(posedge clk) #1 MemInAddr  = 9'hba; MemInData = 32'h10;\n",
      "@(posedge clk) #1 MemInAddr  = 9'hbb; MemInData = 32'h3b;\n",
      "@(posedge clk) #1 MemInAddr  = 9'hbc; MemInData = 32'h1c;\n",
      "@(posedge clk) #1 MemInAddr  = 9'hbd; MemInData = 32'h5a;\n",
      "@(posedge clk) #1 MemInAddr  = 9'hbe; MemInData = 32'h5d;\n",
      "@(posedge clk) #1 MemInAddr  = 9'hbf; MemInData = 32'h2;\n",
      "@(posedge clk) #1 MemInAddr  = 9'hc0; MemInData = 32'h29;\n",
      "@(posedge clk) #1 MemInAddr  = 9'hc1; MemInData = 32'h26;\n",
      "@(posedge clk) #1 MemInAddr  = 9'hc2; MemInData = 32'h41;\n",
      "@(posedge clk) #1 MemInAddr  = 9'hc3; MemInData = 32'h5c;\n",
      "@(posedge clk) #1 MemInAddr  = 9'hc4; MemInData = 32'h51;\n",
      "@(posedge clk) #1 MemInAddr  = 9'hc5; MemInData = 32'h1d;\n",
      "@(posedge clk) #1 MemInAddr  = 9'hc6; MemInData = 32'h29;\n",
      "@(posedge clk) #1 MemInAddr  = 9'hc7; MemInData = 32'h20;\n",
      "@(posedge clk) #1 MemInAddr  = 9'hc8; MemInData = 32'h57;\n",
      "@(posedge clk) #1 MemInAddr  = 9'hc9; MemInData = 32'h48;\n",
      "@(posedge clk) #1 MemInAddr  = 9'hca; MemInData = 32'h32;\n",
      "@(posedge clk) #1 MemInAddr  = 9'hcb; MemInData = 32'h4c;\n",
      "@(posedge clk) #1 MemInAddr  = 9'hcc; MemInData = 32'h33;\n",
      "@(posedge clk) #1 MemInAddr  = 9'hcd; MemInData = 32'h5;\n",
      "@(posedge clk) #1 MemInAddr  = 9'hce; MemInData = 32'h42;\n",
      "@(posedge clk) #1 MemInAddr  = 9'hcf; MemInData = 32'h18;\n",
      "@(posedge clk) #1 MemInAddr  = 9'hd0; MemInData = 32'h14;\n",
      "@(posedge clk) #1 MemInAddr  = 9'hd1; MemInData = 32'h37;\n",
      "@(posedge clk) #1 MemInAddr  = 9'hd2; MemInData = 32'h3c;\n",
      "@(posedge clk) #1 MemInAddr  = 9'hd3; MemInData = 32'h5b;\n",
      "@(posedge clk) #1 MemInAddr  = 9'hd4; MemInData = 32'h3;\n",
      "@(posedge clk) #1 MemInAddr  = 9'hd5; MemInData = 32'h38;\n",
      "@(posedge clk) #1 MemInAddr  = 9'hd6; MemInData = 32'h10;\n",
      "@(posedge clk) #1 MemInAddr  = 9'hd7; MemInData = 32'h60;\n",
      "@(posedge clk) #1 MemInAddr  = 9'hd8; MemInData = 32'h1c;\n",
      "@(posedge clk) #1 MemInAddr  = 9'hd9; MemInData = 32'h27;\n",
      "@(posedge clk) #1 MemInAddr  = 9'hda; MemInData = 32'h38;\n",
      "@(posedge clk) #1 MemInAddr  = 9'hdb; MemInData = 32'h44;\n",
      "@(posedge clk) #1 MemInAddr  = 9'hdc; MemInData = 32'h60;\n",
      "@(posedge clk) #1 MemInAddr  = 9'hdd; MemInData = 32'h6;\n",
      "@(posedge clk) #1 MemInAddr  = 9'hde; MemInData = 32'h1f;\n",
      "@(posedge clk) #1 MemInAddr  = 9'hdf; MemInData = 32'h3f;\n",
      "@(posedge clk) #1 MemInAddr  = 9'he0; MemInData = 32'h1;\n",
      "@(posedge clk) #1 MemInAddr  = 9'he1; MemInData = 32'h34;\n",
      "@(posedge clk) #1 MemInAddr  = 9'he2; MemInData = 32'h5e;\n",
      "@(posedge clk) #1 MemInAddr  = 9'he3; MemInData = 32'h2b;\n",
      "@(posedge clk) #1 MemInAddr  = 9'he4; MemInData = 32'h31;\n",
      "@(posedge clk) #1 MemInAddr  = 9'he5; MemInData = 32'h52;\n",
      "@(posedge clk) #1 MemInAddr  = 9'he6; MemInData = 32'h47;\n",
      "@(posedge clk) #1 MemInAddr  = 9'he7; MemInData = 32'h17;\n",
      "@(posedge clk) #1 MemInAddr  = 9'he8; MemInData = 32'h4;\n",
      "@(posedge clk) #1 MemInAddr  = 9'he9; MemInData = 32'h5b;\n",
      "@(posedge clk) #1 MemInAddr  = 9'hea; MemInData = 32'h24;\n",
      "@(posedge clk) #1 MemInAddr  = 9'heb; MemInData = 32'h5f;\n",
      "@(posedge clk) #1 MemInAddr  = 9'hec; MemInData = 32'h0;\n",
      "@(posedge clk) #1 MemInAddr  = 9'hed; MemInData = 32'h9;\n",
      "@(posedge clk) #1 MemInAddr  = 9'hee; MemInData = 32'h28;\n",
      "@(posedge clk) #1 MemInAddr  = 9'hef; MemInData = 32'h5b;\n",
      "@(posedge clk) #1 MemInAddr  = 9'hf0; MemInData = 32'ha;\n",
      "@(posedge clk) #1 MemInAddr  = 9'hf1; MemInData = 32'h42;\n",
      "@(posedge clk) #1 MemInAddr  = 9'hf2; MemInData = 32'h10;\n",
      "@(posedge clk) #1 MemInAddr  = 9'hf3; MemInData = 32'h42;\n",
      "@(posedge clk) #1 MemInAddr  = 9'hf4; MemInData = 32'h34;\n",
      "@(posedge clk) #1 MemInAddr  = 9'hf5; MemInData = 32'h3b;\n",
      "@(posedge clk) #1 MemInAddr  = 9'hf6; MemInData = 32'h2a;\n",
      "@(posedge clk) #1 MemInAddr  = 9'hf7; MemInData = 32'h7;\n",
      "@(posedge clk) #1 MemInAddr  = 9'hf8; MemInData = 32'h3d;\n",
      "@(posedge clk) #1 MemInAddr  = 9'hf9; MemInData = 32'h1b;\n",
      "@(posedge clk) #1 MemInAddr  = 9'hfa; MemInData = 32'h27;\n",
      "@(posedge clk) #1 MemInAddr  = 9'hfb; MemInData = 32'h42;\n",
      "@(posedge clk) #1 MemInAddr  = 9'hfc; MemInData = 32'h53;\n",
      "@(posedge clk) #1 MemInAddr  = 9'hfd; MemInData = 32'h20;\n",
      "@(posedge clk) #1 MemInAddr  = 9'hfe; MemInData = 32'h53;\n",
      "@(posedge clk) #1 MemInAddr  = 9'hff; MemInData = 32'h27;\n",
      "//////////////////////////  Fill B Matrix Data ///////////////////////////////////\n",
      "@(posedge clk) #1 MemInAddr  = 9'h100; MemInData = 32'h5;\n",
      "@(posedge clk) #1 MemInAddr  = 9'h101; MemInData = 32'h21;\n",
      "@(posedge clk) #1 MemInAddr  = 9'h102; MemInData = 32'h3c;\n",
      "@(posedge clk) #1 MemInAddr  = 9'h103; MemInData = 32'h6;\n",
      "@(posedge clk) #1 MemInAddr  = 9'h104; MemInData = 32'h15;\n",
      "@(posedge clk) #1 MemInAddr  = 9'h105; MemInData = 32'h38;\n",
      "@(posedge clk) #1 MemInAddr  = 9'h106; MemInData = 32'h3e;\n",
      "@(posedge clk) #1 MemInAddr  = 9'h107; MemInData = 32'h5b;\n",
      "@(posedge clk) #1 MemInAddr  = 9'h108; MemInData = 32'h41;\n",
      "@(posedge clk) #1 MemInAddr  = 9'h109; MemInData = 32'h18;\n",
      "@(posedge clk) #1 MemInAddr  = 9'h10a; MemInData = 32'h28;\n",
      "@(posedge clk) #1 MemInAddr  = 9'h10b; MemInData = 32'h5f;\n",
      "@(posedge clk) #1 MemInAddr  = 9'h10c; MemInData = 32'h49;\n",
      "@(posedge clk) #1 MemInAddr  = 9'h10d; MemInData = 32'h2a;\n",
      "@(posedge clk) #1 MemInAddr  = 9'h10e; MemInData = 32'h32;\n",
      "@(posedge clk) #1 MemInAddr  = 9'h10f; MemInData = 32'h6;\n",
      "@(posedge clk) #1 MemInAddr  = 9'h110; MemInData = 32'h1a;\n",
      "@(posedge clk) #1 MemInAddr  = 9'h111; MemInData = 32'h29;\n",
      "@(posedge clk) #1 MemInAddr  = 9'h112; MemInData = 32'h19;\n",
      "@(posedge clk) #1 MemInAddr  = 9'h113; MemInData = 32'h7;\n",
      "@(posedge clk) #1 MemInAddr  = 9'h114; MemInData = 32'h2;\n",
      "@(posedge clk) #1 MemInAddr  = 9'h115; MemInData = 32'h2d;\n",
      "@(posedge clk) #1 MemInAddr  = 9'h116; MemInData = 32'h13;\n",
      "@(posedge clk) #1 MemInAddr  = 9'h117; MemInData = 32'h3;\n",
      "@(posedge clk) #1 MemInAddr  = 9'h118; MemInData = 32'h3f;\n",
      "@(posedge clk) #1 MemInAddr  = 9'h119; MemInData = 32'h2;\n",
      "@(posedge clk) #1 MemInAddr  = 9'h11a; MemInData = 32'h5a;\n",
      "@(posedge clk) #1 MemInAddr  = 9'h11b; MemInData = 32'h2e;\n",
      "@(posedge clk) #1 MemInAddr  = 9'h11c; MemInData = 32'h15;\n",
      "@(posedge clk) #1 MemInAddr  = 9'h11d; MemInData = 32'h47;\n",
      "@(posedge clk) #1 MemInAddr  = 9'h11e; MemInData = 32'h58;\n",
      "@(posedge clk) #1 MemInAddr  = 9'h11f; MemInData = 32'h1d;\n",
      "@(posedge clk) #1 MemInAddr  = 9'h120; MemInData = 32'ha;\n",
      "@(posedge clk) #1 MemInAddr  = 9'h121; MemInData = 32'h4f;\n",
      "@(posedge clk) #1 MemInAddr  = 9'h122; MemInData = 32'h50;\n",
      "@(posedge clk) #1 MemInAddr  = 9'h123; MemInData = 32'h1b;\n",
      "@(posedge clk) #1 MemInAddr  = 9'h124; MemInData = 32'h50;\n",
      "@(posedge clk) #1 MemInAddr  = 9'h125; MemInData = 32'hd;\n",
      "@(posedge clk) #1 MemInAddr  = 9'h126; MemInData = 32'h1;\n",
      "@(posedge clk) #1 MemInAddr  = 9'h127; MemInData = 32'h2b;\n",
      "@(posedge clk) #1 MemInAddr  = 9'h128; MemInData = 32'h41;\n",
      "@(posedge clk) #1 MemInAddr  = 9'h129; MemInData = 32'h18;\n",
      "@(posedge clk) #1 MemInAddr  = 9'h12a; MemInData = 32'h2c;\n",
      "@(posedge clk) #1 MemInAddr  = 9'h12b; MemInData = 32'h18;\n",
      "@(posedge clk) #1 MemInAddr  = 9'h12c; MemInData = 32'h34;\n",
      "@(posedge clk) #1 MemInAddr  = 9'h12d; MemInData = 32'h26;\n",
      "@(posedge clk) #1 MemInAddr  = 9'h12e; MemInData = 32'h4d;\n",
      "@(posedge clk) #1 MemInAddr  = 9'h12f; MemInData = 32'h55;\n",
      "@(posedge clk) #1 MemInAddr  = 9'h130; MemInData = 32'h17;\n",
      "@(posedge clk) #1 MemInAddr  = 9'h131; MemInData = 32'h56;\n",
      "@(posedge clk) #1 MemInAddr  = 9'h132; MemInData = 32'h45;\n",
      "@(posedge clk) #1 MemInAddr  = 9'h133; MemInData = 32'h10;\n",
      "@(posedge clk) #1 MemInAddr  = 9'h134; MemInData = 32'h52;\n",
      "@(posedge clk) #1 MemInAddr  = 9'h135; MemInData = 32'h11;\n",
      "@(posedge clk) #1 MemInAddr  = 9'h136; MemInData = 32'h58;\n",
      "@(posedge clk) #1 MemInAddr  = 9'h137; MemInData = 32'hd;\n",
      "@(posedge clk) #1 MemInAddr  = 9'h138; MemInData = 32'h4f;\n",
      "@(posedge clk) #1 MemInAddr  = 9'h139; MemInData = 32'h36;\n",
      "@(posedge clk) #1 MemInAddr  = 9'h13a; MemInData = 32'h6;\n",
      "@(posedge clk) #1 MemInAddr  = 9'h13b; MemInData = 32'h47;\n",
      "@(posedge clk) #1 MemInAddr  = 9'h13c; MemInData = 32'h33;\n",
      "@(posedge clk) #1 MemInAddr  = 9'h13d; MemInData = 32'hc;\n",
      "@(posedge clk) #1 MemInAddr  = 9'h13e; MemInData = 32'h5e;\n",
      "@(posedge clk) #1 MemInAddr  = 9'h13f; MemInData = 32'h4d;\n",
      "@(posedge clk) #1 MemInAddr  = 9'h140; MemInData = 32'h8;\n",
      "@(posedge clk) #1 MemInAddr  = 9'h141; MemInData = 32'h18;\n",
      "@(posedge clk) #1 MemInAddr  = 9'h142; MemInData = 32'h14;\n",
      "@(posedge clk) #1 MemInAddr  = 9'h143; MemInData = 32'h2b;\n",
      "@(posedge clk) #1 MemInAddr  = 9'h144; MemInData = 32'h52;\n",
      "@(posedge clk) #1 MemInAddr  = 9'h145; MemInData = 32'h3c;\n",
      "@(posedge clk) #1 MemInAddr  = 9'h146; MemInData = 32'h6;\n",
      "@(posedge clk) #1 MemInAddr  = 9'h147; MemInData = 32'h12;\n",
      "@(posedge clk) #1 MemInAddr  = 9'h148; MemInData = 32'h1;\n",
      "@(posedge clk) #1 MemInAddr  = 9'h149; MemInData = 32'h18;\n",
      "@(posedge clk) #1 MemInAddr  = 9'h14a; MemInData = 32'h2e;\n",
      "@(posedge clk) #1 MemInAddr  = 9'h14b; MemInData = 32'h4a;\n",
      "@(posedge clk) #1 MemInAddr  = 9'h14c; MemInData = 32'h4f;\n",
      "@(posedge clk) #1 MemInAddr  = 9'h14d; MemInData = 32'h18;\n",
      "@(posedge clk) #1 MemInAddr  = 9'h14e; MemInData = 32'h21;\n",
      "@(posedge clk) #1 MemInAddr  = 9'h14f; MemInData = 32'h42;\n",
      "@(posedge clk) #1 MemInAddr  = 9'h150; MemInData = 32'h4c;\n",
      "@(posedge clk) #1 MemInAddr  = 9'h151; MemInData = 32'h1b;\n",
      "@(posedge clk) #1 MemInAddr  = 9'h152; MemInData = 32'h4f;\n",
      "@(posedge clk) #1 MemInAddr  = 9'h153; MemInData = 32'h5d;\n",
      "@(posedge clk) #1 MemInAddr  = 9'h154; MemInData = 32'h2d;\n",
      "@(posedge clk) #1 MemInAddr  = 9'h155; MemInData = 32'h5;\n",
      "@(posedge clk) #1 MemInAddr  = 9'h156; MemInData = 32'h11;\n",
      "@(posedge clk) #1 MemInAddr  = 9'h157; MemInData = 32'h11;\n",
      "@(posedge clk) #1 MemInAddr  = 9'h158; MemInData = 32'h11;\n",
      "@(posedge clk) #1 MemInAddr  = 9'h159; MemInData = 32'h41;\n",
      "@(posedge clk) #1 MemInAddr  = 9'h15a; MemInData = 32'h20;\n",
      "@(posedge clk) #1 MemInAddr  = 9'h15b; MemInData = 32'hb;\n",
      "@(posedge clk) #1 MemInAddr  = 9'h15c; MemInData = 32'h39;\n",
      "@(posedge clk) #1 MemInAddr  = 9'h15d; MemInData = 32'h63;\n",
      "@(posedge clk) #1 MemInAddr  = 9'h15e; MemInData = 32'h30;\n",
      "@(posedge clk) #1 MemInAddr  = 9'h15f; MemInData = 32'h2d;\n",
      "@(posedge clk) #1 MemInAddr  = 9'h160; MemInData = 32'h33;\n",
      "@(posedge clk) #1 MemInAddr  = 9'h161; MemInData = 32'h30;\n",
      "@(posedge clk) #1 MemInAddr  = 9'h162; MemInData = 32'h2a;\n",
      "@(posedge clk) #1 MemInAddr  = 9'h163; MemInData = 32'h51;\n",
      "@(posedge clk) #1 MemInAddr  = 9'h164; MemInData = 32'h23;\n",
      "@(posedge clk) #1 MemInAddr  = 9'h165; MemInData = 32'h15;\n",
      "@(posedge clk) #1 MemInAddr  = 9'h166; MemInData = 32'hd;\n",
      "@(posedge clk) #1 MemInAddr  = 9'h167; MemInData = 32'h4;\n",
      "@(posedge clk) #1 MemInAddr  = 9'h168; MemInData = 32'hb;\n",
      "@(posedge clk) #1 MemInAddr  = 9'h169; MemInData = 32'h55;\n",
      "@(posedge clk) #1 MemInAddr  = 9'h16a; MemInData = 32'h9;\n",
      "@(posedge clk) #1 MemInAddr  = 9'h16b; MemInData = 32'h12;\n",
      "@(posedge clk) #1 MemInAddr  = 9'h16c; MemInData = 32'h30;\n",
      "@(posedge clk) #1 MemInAddr  = 9'h16d; MemInData = 32'h20;\n",
      "@(posedge clk) #1 MemInAddr  = 9'h16e; MemInData = 32'h9;\n",
      "@(posedge clk) #1 MemInAddr  = 9'h16f; MemInData = 32'h35;\n",
      "@(posedge clk) #1 MemInAddr  = 9'h170; MemInData = 32'h2b;\n",
      "@(posedge clk) #1 MemInAddr  = 9'h171; MemInData = 32'h34;\n",
      "@(posedge clk) #1 MemInAddr  = 9'h172; MemInData = 32'h3e;\n",
      "@(posedge clk) #1 MemInAddr  = 9'h173; MemInData = 32'h60;\n",
      "@(posedge clk) #1 MemInAddr  = 9'h174; MemInData = 32'h5b;\n",
      "@(posedge clk) #1 MemInAddr  = 9'h175; MemInData = 32'h3;\n",
      "@(posedge clk) #1 MemInAddr  = 9'h176; MemInData = 32'h47;\n",
      "@(posedge clk) #1 MemInAddr  = 9'h177; MemInData = 32'h47;\n",
      "@(posedge clk) #1 MemInAddr  = 9'h178; MemInData = 32'h29;\n",
      "@(posedge clk) #1 MemInAddr  = 9'h179; MemInData = 32'h3a;\n",
      "@(posedge clk) #1 MemInAddr  = 9'h17a; MemInData = 32'hf;\n",
      "@(posedge clk) #1 MemInAddr  = 9'h17b; MemInData = 32'h3b;\n",
      "@(posedge clk) #1 MemInAddr  = 9'h17c; MemInData = 32'h2c;\n",
      "@(posedge clk) #1 MemInAddr  = 9'h17d; MemInData = 32'hd;\n",
      "@(posedge clk) #1 MemInAddr  = 9'h17e; MemInData = 32'h33;\n",
      "@(posedge clk) #1 MemInAddr  = 9'h17f; MemInData = 32'h30;\n",
      "@(posedge clk) #1 MemInAddr  = 9'h180; MemInData = 32'h11;\n",
      "@(posedge clk) #1 MemInAddr  = 9'h181; MemInData = 32'h4c;\n",
      "@(posedge clk) #1 MemInAddr  = 9'h182; MemInData = 32'hd;\n",
      "@(posedge clk) #1 MemInAddr  = 9'h183; MemInData = 32'h7;\n",
      "@(posedge clk) #1 MemInAddr  = 9'h184; MemInData = 32'h1;\n",
      "@(posedge clk) #1 MemInAddr  = 9'h185; MemInData = 32'h5d;\n",
      "@(posedge clk) #1 MemInAddr  = 9'h186; MemInData = 32'h36;\n",
      "@(posedge clk) #1 MemInAddr  = 9'h187; MemInData = 32'h0;\n",
      "@(posedge clk) #1 MemInAddr  = 9'h188; MemInData = 32'h20;\n",
      "@(posedge clk) #1 MemInAddr  = 9'h189; MemInData = 32'h31;\n",
      "@(posedge clk) #1 MemInAddr  = 9'h18a; MemInData = 32'h49;\n",
      "@(posedge clk) #1 MemInAddr  = 9'h18b; MemInData = 32'h38;\n",
      "@(posedge clk) #1 MemInAddr  = 9'h18c; MemInData = 32'h4e;\n",
      "@(posedge clk) #1 MemInAddr  = 9'h18d; MemInData = 32'h4a;\n",
      "@(posedge clk) #1 MemInAddr  = 9'h18e; MemInData = 32'h8;\n",
      "@(posedge clk) #1 MemInAddr  = 9'h18f; MemInData = 32'h35;\n",
      "@(posedge clk) #1 MemInAddr  = 9'h190; MemInData = 32'h16;\n",
      "@(posedge clk) #1 MemInAddr  = 9'h191; MemInData = 32'h13;\n",
      "@(posedge clk) #1 MemInAddr  = 9'h192; MemInData = 32'h4b;\n",
      "@(posedge clk) #1 MemInAddr  = 9'h193; MemInData = 32'h8;\n",
      "@(posedge clk) #1 MemInAddr  = 9'h194; MemInData = 32'h27;\n",
      "@(posedge clk) #1 MemInAddr  = 9'h195; MemInData = 32'h14;\n",
      "@(posedge clk) #1 MemInAddr  = 9'h196; MemInData = 32'h41;\n",
      "@(posedge clk) #1 MemInAddr  = 9'h197; MemInData = 32'h61;\n",
      "@(posedge clk) #1 MemInAddr  = 9'h198; MemInData = 32'h43;\n",
      "@(posedge clk) #1 MemInAddr  = 9'h199; MemInData = 32'h42;\n",
      "@(posedge clk) #1 MemInAddr  = 9'h19a; MemInData = 32'h6;\n",
      "@(posedge clk) #1 MemInAddr  = 9'h19b; MemInData = 32'h40;\n",
      "@(posedge clk) #1 MemInAddr  = 9'h19c; MemInData = 32'h49;\n",
      "@(posedge clk) #1 MemInAddr  = 9'h19d; MemInData = 32'h3c;\n",
      "@(posedge clk) #1 MemInAddr  = 9'h19e; MemInData = 32'h16;\n",
      "@(posedge clk) #1 MemInAddr  = 9'h19f; MemInData = 32'h23;\n",
      "@(posedge clk) #1 MemInAddr  = 9'h1a0; MemInData = 32'h4c;\n",
      "@(posedge clk) #1 MemInAddr  = 9'h1a1; MemInData = 32'h57;\n",
      "@(posedge clk) #1 MemInAddr  = 9'h1a2; MemInData = 32'h17;\n",
      "@(posedge clk) #1 MemInAddr  = 9'h1a3; MemInData = 32'h42;\n",
      "@(posedge clk) #1 MemInAddr  = 9'h1a4; MemInData = 32'h2;\n",
      "@(posedge clk) #1 MemInAddr  = 9'h1a5; MemInData = 32'h1f;\n",
      "@(posedge clk) #1 MemInAddr  = 9'h1a6; MemInData = 32'h2d;\n",
      "@(posedge clk) #1 MemInAddr  = 9'h1a7; MemInData = 32'h22;\n",
      "@(posedge clk) #1 MemInAddr  = 9'h1a8; MemInData = 32'h22;\n",
      "@(posedge clk) #1 MemInAddr  = 9'h1a9; MemInData = 32'h41;\n",
      "@(posedge clk) #1 MemInAddr  = 9'h1aa; MemInData = 32'h41;\n",
      "@(posedge clk) #1 MemInAddr  = 9'h1ab; MemInData = 32'h1c;\n",
      "@(posedge clk) #1 MemInAddr  = 9'h1ac; MemInData = 32'h1e;\n",
      "@(posedge clk) #1 MemInAddr  = 9'h1ad; MemInData = 32'h42;\n",
      "@(posedge clk) #1 MemInAddr  = 9'h1ae; MemInData = 32'h2f;\n",
      "@(posedge clk) #1 MemInAddr  = 9'h1af; MemInData = 32'h2;\n",
      "@(posedge clk) #1 MemInAddr  = 9'h1b0; MemInData = 32'h51;\n",
      "@(posedge clk) #1 MemInAddr  = 9'h1b1; MemInData = 32'h28;\n",
      "@(posedge clk) #1 MemInAddr  = 9'h1b2; MemInData = 32'hc;\n",
      "@(posedge clk) #1 MemInAddr  = 9'h1b3; MemInData = 32'h11;\n",
      "@(posedge clk) #1 MemInAddr  = 9'h1b4; MemInData = 32'h29;\n",
      "@(posedge clk) #1 MemInAddr  = 9'h1b5; MemInData = 32'hb;\n",
      "@(posedge clk) #1 MemInAddr  = 9'h1b6; MemInData = 32'h5c;\n",
      "@(posedge clk) #1 MemInAddr  = 9'h1b7; MemInData = 32'h18;\n",
      "@(posedge clk) #1 MemInAddr  = 9'h1b8; MemInData = 32'h18;\n",
      "@(posedge clk) #1 MemInAddr  = 9'h1b9; MemInData = 32'h33;\n",
      "@(posedge clk) #1 MemInAddr  = 9'h1ba; MemInData = 32'h48;\n",
      "@(posedge clk) #1 MemInAddr  = 9'h1bb; MemInData = 32'h5b;\n",
      "@(posedge clk) #1 MemInAddr  = 9'h1bc; MemInData = 32'h13;\n",
      "@(posedge clk) #1 MemInAddr  = 9'h1bd; MemInData = 32'h23;\n",
      "@(posedge clk) #1 MemInAddr  = 9'h1be; MemInData = 32'h3c;\n",
      "@(posedge clk) #1 MemInAddr  = 9'h1bf; MemInData = 32'h43;\n",
      "@(posedge clk) #1 MemInAddr  = 9'h1c0; MemInData = 32'h5;\n",
      "@(posedge clk) #1 MemInAddr  = 9'h1c1; MemInData = 32'h45;\n",
      "@(posedge clk) #1 MemInAddr  = 9'h1c2; MemInData = 32'h21;\n",
      "@(posedge clk) #1 MemInAddr  = 9'h1c3; MemInData = 32'h42;\n",
      "@(posedge clk) #1 MemInAddr  = 9'h1c4; MemInData = 32'h60;\n",
      "@(posedge clk) #1 MemInAddr  = 9'h1c5; MemInData = 32'h35;\n",
      "@(posedge clk) #1 MemInAddr  = 9'h1c6; MemInData = 32'h61;\n",
      "@(posedge clk) #1 MemInAddr  = 9'h1c7; MemInData = 32'h2e;\n",
      "@(posedge clk) #1 MemInAddr  = 9'h1c8; MemInData = 32'h1a;\n",
      "@(posedge clk) #1 MemInAddr  = 9'h1c9; MemInData = 32'h21;\n",
      "@(posedge clk) #1 MemInAddr  = 9'h1ca; MemInData = 32'h45;\n",
      "@(posedge clk) #1 MemInAddr  = 9'h1cb; MemInData = 32'h48;\n",
      "@(posedge clk) #1 MemInAddr  = 9'h1cc; MemInData = 32'h39;\n",
      "@(posedge clk) #1 MemInAddr  = 9'h1cd; MemInData = 32'h2a;\n",
      "@(posedge clk) #1 MemInAddr  = 9'h1ce; MemInData = 32'h20;\n",
      "@(posedge clk) #1 MemInAddr  = 9'h1cf; MemInData = 32'h39;\n",
      "@(posedge clk) #1 MemInAddr  = 9'h1d0; MemInData = 32'h3e;\n",
      "@(posedge clk) #1 MemInAddr  = 9'h1d1; MemInData = 32'h63;\n",
      "@(posedge clk) #1 MemInAddr  = 9'h1d2; MemInData = 32'h31;\n",
      "@(posedge clk) #1 MemInAddr  = 9'h1d3; MemInData = 32'h17;\n",
      "@(posedge clk) #1 MemInAddr  = 9'h1d4; MemInData = 32'h7;\n",
      "@(posedge clk) #1 MemInAddr  = 9'h1d5; MemInData = 32'h4a;\n",
      "@(posedge clk) #1 MemInAddr  = 9'h1d6; MemInData = 32'h50;\n",
      "@(posedge clk) #1 MemInAddr  = 9'h1d7; MemInData = 32'h43;\n",
      "@(posedge clk) #1 MemInAddr  = 9'h1d8; MemInData = 32'h5a;\n",
      "@(posedge clk) #1 MemInAddr  = 9'h1d9; MemInData = 32'he;\n",
      "@(posedge clk) #1 MemInAddr  = 9'h1da; MemInData = 32'h4b;\n",
      "@(posedge clk) #1 MemInAddr  = 9'h1db; MemInData = 32'h48;\n",
